KIT_BRICK_NUMBER
10440417103195
10440417103196
10440417103140
10440417103139
10440417103138
10440417103137
10440417103200
10440417103199
10440417103198
10440417103197
10440417103013
10440417103016
10440417103020
10440417103019
10440417103018
10440417103017
10440417103024
10440417103023
10440417103022
10440417103021
2219154806192
2219153806150
0953014600365
0953014590365
0953014580365
0953014570365
0953014560364
0953014550364
0953014540364
0953014530364
0953015760394
0953015750394
0953015600390
0953015590390
0953015580390
0953015570390
0953015560389
0953015550389
0953015540389
0953015530389
0953015390385
0953015400385
0953015840396
0953015830396
0953015820396
0953015810396
0953015120378
0953015110378
0953015100378
0953015090378
0953014160354
0953014150354
0953015320383
0953015310383
0953015300383
0953015290383
0953015520388
0953015510388
0953015500388
0953015490388
104171781301559
104171781301558
104171781301548
104171781301547
104171781301546
104171781301545
104171781301556
104171781301555
104171781301554
104171781301553
104171781301557
104171781301570
10440417103192
10440417103191
10440417103190
10440417103189
104171781301584
104171781301583
104171781301582
104171781301581
